1111972
1114101
1114216
2002524
2002536
2002598
2002599
2002600
2002610
2002631
2002632
2002666
2002938
2002988
2003012
2003216
2003255
2003390
2003522
2004178
2004186
2004245
2004355
2004450
2004499
2004557
2004598
2004608
2004656
2004724
2004760
2004770
2004783
2004868
2004916
2004953
2005083
2005089
2005145
2005249
2005264
2005267
2005272
2005286
2005471
2005478
2005575
2005578
2005647
2005732
2005771
2005773
2005774
2005777
2005842
2005864
2005918
2005924
2005940
2005952
2006009
2006016
2006026
2006083
2006086
2006090
2006148
2006152
2006154
2006164
2006174
2006224
2006231
2006239
2006259
2006292
2006307
2006312
2006324
2006448
2006462
2006479
2006510
2006553
2006561
2006603
2006613
2006779
2006856
2006911
2006977
2006997
2007010
3000041
3000189
3000203
3000281
3000509
3000597
3000604
3000606
3000616
3000622
3000623
3000920
3000997
3001182
3001827
3002131
3002132
3002169
3002387
3002388
3002478
3002502
3002699
3002708
3002734
3002735
3002737
3002821
3003015
3003017
3003277
3003551
3004683
3004810
3005783
3007568
3008143
3008144
3008145
3008309
3008390
3008633
3008634
3008651
3008680
3008681
3008829
3008846
3008986
3008987
4000044
4000087
4000088
4000093
4000315
4000486
4000534
4000582
4000632
4000640
4000686
4000709
4000772
4000791
4000795
4000808
4000885
4000958
4000972
4000990
4000991
4001004
4001012
4001040
4001159
4001164
4001165
4001168
4001170
4001171
4001174
4001175
4001176
4001177
4001178
4001179
4001183
4001187
4001190
4001191
4001192
4001194
4001195
4001196
4001197
4001199
4001200
4001201
4001202
4001207
4001209
4001211
4001212
4001214
4001215
4001216
4001218
4001220
4001224
4001225
4001226
4001227
4001229
4001230
4001231
4001232
4001233
4001236
4001238
4001240
4001241
4001242
4001243
4001244
4001245
4001246
4001247
4001248
4001250
4001251
4001252
4001253
4001254
4001255
4001257
4001258
4001259
4001262
4001264
4001267
4001268
4001270
4001271
4001274
4001276
4001278
4001279
4001280
4001283
4001284
4001285
4001286
4001287
4001288
4001290
4001291
4001292
4001293
4001294
4001295
4001297
4001298
4001299
4001302
4001303
4001304
4001305
4001306
4001307
4001308
4001309
4001311
4001312
4001313
4001315
4001316
4001318
4001320
4001321
4001322
4001323
4001325
4001326
4001328
4001329
4001331
4001336
4001337
4001338
4001339
4001340
4001341
4001343
4001344
4001345
4001347
4001349
4001350
4001353
4001354
4001355
4001356
4001358
4001359
4001360
4001361
4001362
4001363
4001365
4001366
4001367
4001368
4001369
4001370
4001371
4001372
4001373
4001374
4001375
4001376
4001377
4001378
4001381
4001382
4001385
4001386
4001387
4001388
4001389
4001390
4001391
4001392
4001393
4001394
4001398
4001403
4001404
4001405
4001407
4001409
4001410
4001411
4001412
4001414
4001415
4001417
4001418
4001420
4001421
4001422
4001423
4001424
4001425
4001426
4001428
4001429
4001430
4001431
4001432
4001433
4001435
4001436
4001437
4001438
4001439
4001440
4001442
4001445
4001446
4001448
4001449
4001450
4001451
4001452
4001453
4001454
4001456
4001457
4001458
4001460
4001461
4001462
4001463
4001464
4001465
4001466
4001469
4001472
4001473
4001474
4001475
4001476
4001477
4001479
4001480
4001482
4001483
4001484
4001485
4001486
4001487
4001488
4001489
4001490
4001491
4001492
4001493
4001494
4001495
4001496
4001497
4001499
4001501
4001503
4001505
4001506
4001508
4001509
4001510
4001511
4001513
4001514
4001517
4001518
4001519
4001520
4001521
4001522
4001523
4001524
4001525
4001526
4001527
4001529
4001530
4001531
4001534
4001535
4001536
4001537
4001538
4001539
4001540
4001541
4001544
4001545
4001547
4001549
4001550
4001552
4001553
4001555
4001556
4001557
4001558
4001560
4001561
4001562
4001563
4001565
4001566
4001567
4001568
4001569
4001571
4001572
4001573
4001574
4001577
4001578
4001579
4001580
4001583
4001584
4001585
4001586
4001589
4001590
4001592
4001593
4001596
4001597
4001598
4001621
4001628
4001633
4001643
4001644
4001645
4001646
4001655
4001656
4001657
4001661
4001665
4001667
4001668
4001669
4001676
4001680
4001681
4001685
4001698
4001702
4001705
4001708
4001713
4001714
4001717
4001722
4001723
4001726
4001728
4001731
4001735
4001736
4001737
4001738
4001739
4001740
4001741
4001742
4001743
4001744
4001746
4001747
4001749
4001753
4001754
4001756
4001759
4001761
4001763
4001764
4001766
4001767
4001769
4001770
4001771
4001772
4001774
4001775
4001776
4001778
4001780
4001781
4001782
4001783
4001784
4001785
4001786
4001790
4001791
4001792
4001793
4001794
4001795
4001796
4001797
4001798
4001799
4001800
4001802
4001803
4001804
4001805
4001807
4001811
4001813
4001814
4001815
4001818
4001819
4001820
4001821
4001822
4001824
4001825
4001828
4001829
4001831
4001832
4001833
4001834
4001835
4001836
4001837
4001838
4001839
4001840
4001841
4001843
4001845
4001846
4001847
4001848
4001849
4001851
4001853
4001862
4001863
4001865
4001866
4001867
4001869
4001870
4001872
4001873
4001874
4001877
4001878
4001879
4001880
4001884
4001885
4001886
4001887
4001888
4001889
4001890
4001891
4001892
4001893
4001894
4001895
4001896
4001897
4001899
4001900
4001902
4001904
4001905
4001910
4001913
4001918
4001919
4001920
4001921
4001922
4001925
4001927
4001929
4001932
4001933
4001935
4001939
4001940
4001945
4001949
4001952
4001954
4001955
4001957
4001958
4001960
4001961
4001962
4001963
4001965
4001967
4001968
4001972
4001976
4001981
4001984
4001985
4001987
4001990
4001991
4001992
4001994
4001995
4001996
4001997
4001998
4001999
4002000
4002001
4002003
4002004
4002005
4002006
4002008
4002010
4002015
4002016
4002024
4002026
4002037
4002039
4002042
4002047
4002049
4002050
4002051
4002052
4002055
4002061
4002064
4002066
4002068
4002076
4002082
4002083
4002084
4002085
4002086
4002088
4002091
4002094
4002095
4002097
4002099
4002100
4002102
4002103
4002104
4002108
4002109
4002111
4002112
4002113
4002115
4002116
4002117
4002118
4002119
4002120
4002122
4002124
4002130
4002131
4002132
4002133
4002134
4002139
4002145
4002146
4002147
4002148
4002149
4002150
4002153
4002154
4002164
4002166
4002167
4002168
4002170
4002171
4002182
4002197
4002198
4002199
4002230
4002231
4002236
4002242
4002243
4002247
4002255
4002256
4002257
4002261
4002263
4002268
4002272
4002279
4002284
4002287
4002288
4002291
4002296
4002297
4002298
4002300
4002302
4002304
4002305
4002306
4002308
4002313
4002316
4002318
4002331
4002344
4002345
4002349
4002354
4002366
4002367
4002395
4002397
4002398
4002408
4002416
4002421
4002425
4002426
4002427
4002430
4002431
4002432
4002433
4002436
4002437
4002438
4002440
4002441
4002442
4002443
4002447
4002448
4002450
4002451
4002453
4002455
4002457
4002481
4002483
4002490
4002503
4002504
4002513
4002515
4002519
4002520
4002521
4002523
4002533
4002534
4002541
4002542
4002546
4002551
4002553
4002555
4002557
4002566
4002609
4002610
4002612
4002614
4002615
4002618
4002621
4002622
4002625
4002626
4002627
4002632
4002633
4002668
4002673
4002675
4002680
4002686
4002707
4002728
4002731
4002738
4002767
4002774
4002779
4002785
4002786
4002802
4002847
4002850
4002851
4002861
4002890
4002893
4002897
4002901
4002914
4002925
4002926
4002929
4002930
4002933
4002935
4002936
4002937
4002940
4002941
4002944
4002952
4002953
4002955
4002957
4002959
4002966
4002986
4002997
4002998
4003030
4003036
4003039
4003043
4003048
4003060
4003080
4003091
4003092
4003094
4003108
4003114
4003122
4003124
4003152
4003156
4003158
4003159
4003171
4003183
4003184
4003187
4003188
4003190
4003191
4003192
4003206
4003217
4003239
4003244
4003267
4003268
4003270
4003272
4003275
4003283
4003299
4003301
4003304
4003314
4003327
4003332
4003336
4003344
4003347
4003353
4003388
4003973
4003982
4004000
4004010
4004014
4004018
4004073
4004077
4004084
5300570
5500568
6205630
6266671
6269310
6304751
6316881
6317209
6317331
6317977
6318221
6318311
6318353
6318523
6318663
6319104
6319139
6319619
6320013
6320081
6321980
6322225
6322672
6323251
6323295
6323674
6323707
6327189
6327312
6327578
6327812
6328201
6328612
6329034
6330334
6330690
6331334
6332878
6332923
6333545
6333567
6333589
6334334
6335412
6336670
6336682
6336701
6336732
6336793
6336849
6336951
6336982
6337102
6337112
6337148
6337384
6337393
6337405
6337537
6337582
6337637
6337659
6337660
6337704
6337791
6337849
6337889
8002401
C313351
C315346
C463655
C481548
C482293
C485409
C574546
COIcomercial
COIoperacao
ct13804
ct16213
ct16228
ct16232
ct16243
ct16246
ct16261
ct16262
ct16263
ct16266
ct16422
ct17298
ct17905
ct19664
ct20079
ct20239
ct20537
ct20855
ct21531
ct21963
ct22443
uccx
uccxskillchangeapp
